"DESCRIPTION","DURATION IN MS","NAME","PARENT SUITE","START TIME","STATUS","STOP TIME","SUB SUITE","SUITE","TEST CLASS","TEST METHOD"
"","39453","Creating a new facility in desktop app","","2026-06-25","broken","2026-06-25","","","",""
